train=../data/kos/kos_data/kos.dat
validation=
output: ../data/kos/kos_all_50
topics: 50
alpha: 0.13635976676384842
beta: 0.028960324355632783
iters: 800
burnin: 400
savestep: 40
topwords: 20
perplexity: 0
export-complete: 0