train=../data/kos/kos_data/kos.dat
validation=
output: ../data/kos/kos_data
topics: 200
alpha: 0.034089941690962106
beta: 0.028960324355632783
iters: 500
burnin: 250
savestep: 25
topwords: 20
perplexity: 0
export-complete: 0